9979 986
54
34
82
43
63
36
75
45
38
74
76
66
37
63
80
73
38
92
63
79
68
32
62
29
73
87
35
44
78
52
93
48
45
54
76
68
89
44
72
52
51
42
35
74
75
39
29
40
36
57
34
73
84
67
86
32
60
44
43
53
39
58
63
80
76
69
66
32
32
63
49
77
43
43
47
68
59
75
48
49
63
79
90
42
44
86
91
86
53
67
36
92
33
88
57
35
72
78
73
44
54
86
88
55
40
71
46
50
34
81
93
36
89
72
42
62
42
90
87
85
52
68
70
78
42
92
88
66
73
51
90
48
40
53
87
31
46
33
64
72
56
81
86
51
67
53
49
34
59
71
55
75
54
73
43
31
38
85
79
31
89
57
62
49
29
65
32
60
49
75
36
87
59
66
85
42
53
76
91
62
48
31
47
60
76
77
74
91
44
63
67
78
67
45
73
54
48
62
45
44
44
62
77
84
29
67
74
87
69
43
46
72
86
63
58
66
83
85
74
49
63
82
48
68
48
48
77
34
83
70
88
45
36
51
55
93
82
68
93
79
90
92
75
81
32
53
40
55
81
87
87
46
52
89
74
74
62
74
73
74
81
43
66
67
31
31
88
79
81
51
69
88
54
77
64
67
63
58
83
49
38
29
77
43
90
66
55
61
45
37
31
74
68
57
81
53
48
41
74
71
82
71
33
84
39
39
54
72
43
79
78
68
61
85
57
75
88
39
80
72
43
86
92
48
67
75
77
57
39
59
51
44
72
88
49
32
50
83
47
63
82
49
56
44
31
84
87
51
79
73
83
31
77
41
74
56
42
65
62
76
60
57
57
31
88
89
60
78
57
41
46
40
51
46
34
68
53
55
86
30
59
40
54
53
81
79
29
80
89
70
33
83
71
59
93
33
78
40
93
52
39
59
72
68
54
84
31
52
78
61
86
68
34
66
30
88
30
65
79
81
60
39
73
60
73
82
65
64
38
30
56
73
53
73
51
91
35
30
62
37
30
34
66
79
35
76
77
43
79
69
30
63
43
40
92
55
67
73
65
61
81
92
54
29
63
56
86
74
53
86
65
82
85
88
73
82
76
37
68
71
70
36
33
90
64
87
91
70
55
84
93
47
82
39
58
33
88
62
82
91
42
66
71
63
79
48
35
83
85
55
51
35
50
49
35
73
63
72
29
58
72
87
54
54
89
50
32
54
84
50
43
66
38
47
86
78
53
68
55
77
56
76
70
40
63
77
48
84
91
38
61
78
42
62
53
45
65
49
73
73
82
43
31
64
43
70
84
39
36
87
40
57
31
42
51
93
32
81
73
43
61
75
92
62
74
69
72
57
43
68
90
44
79
67
78
67
42
79
40
69
50
91
32
52
43
93
38
31
45
68
69
81
39
63
93
45
63
71
61
31
87
68
33
86
44
92
58
31
44
47
81
29
45
92
61
64
87
91
45
38
51
76
67
77
66
50
75
52
83
33
51
66
90
87
62
53
86
86
51
48
32
44
92
32
53
45
42
59
74
49
36
85
38
60
65
68
78
77
63
64
51
78
58
79
50
78
56
41
47
71
55
62
36
55
30
33
70
37
33
79
92
47
64
76
43
81
37
78
42
85
34
71
49
84
54
79
57
79
71
69
84
64
81
68
41
79
34
60
40
53
81
35
84
53
45
48
63
69
66
52
55
83
86
37
35
87
87
40
64
31
82
92
84
30
48
63
52
38
44
36
40
71
45
72
72
36
35
41
82
39
69
82
69
38
64
46
58
84
76
47
55
33
73
47
59
66
75
40
38
37
70
73
41
90
29
68
35
74
87
82
72
79
54
55
79
80
92
50
48
70
32
79
77
89
92
87
79
37
49
73
74
93
36
93
53
63
85
66
79
75
50
66
36
81
72
84
65
56
43
33
42
40
79
29
72
46
65
61
91
81
40
42
74
40
90
66
32
66
70
37
66
77
45
72
86
83
74
87
37
70
44
51
53
91
86
90
89
75
59
49
63
58
82
53
80
72
54
76
57
68
92
35
40
57
54
41
92
83
68
53
48
78
90
61
86
85
82
73
47
80
36
74
46
31
70
92
56
76
68
30
31
76
85
50
72
46
84
32
43
30
40
63
34
51
71
44
42
79
74
69
33
57
35
75
49
79
43
64
45
63
89
70
64
56
59
34
39
46
69
90
61
51
68
63
85
89
40
80
64
78
41
93
56
36
40
59
81
73
85
54
74
85
73
80
36
75
